Iterations:
0 
Solution vector (q):
16 16 4
1.0014923080968445e+00
9.7503608708043310e-01
8.9816105840095672e-01
8.1962388021200561e-01
7.9170289863341403e-01
8.5218808024857640e-01
1.0023111649331788e+00
1.1876136736495559e+00
1.1328072358093917e+00
9.1022059070529537e-01
7.4845298858249687e-01
6.8105930302722462e-01
7.3130768976056393e-01
8.5114461984306999e-01
9.4965563038893719e-01
9.7477336359869771e-01
1.0288679864406653e+00
1.0210724215177400e+00
9.6986116033119918e-01
9.2373370305725655e-01
9.3292992746689152e-01
9.9438789814946282e-01
1.0617958025593903e+00
1.0978879179661791e+00
1.0876993422838181e+00
1.0372407137810449e+00
9.5065096095245716e-01
8.6840805845907909e-01
8.5824409297954263e-01
9.3259099353927699e-01
1.0020276290873842e+00
1.0142460288737534e+00
1.0112782406950724e+00
1.0129256022009689e+00
9.7091194441146500e-01
9.3644724663073864e-01
9.5556771776829919e-01
1.0101413123201941e+00
1.0596205494633437e+00
1.0798079785023504e+00
1.0715363367905988e+00
1.0357012138796442e+00
9.6889707971382999e-01
9.0136469766393834e-01
8.8236901687856539e-01
9.3931968296915569e-01
9.9804962693748289e-01
1.0017478624703067e+00
1.0010181507866160e+00
1.0094659551895955e+00
9.8318036352554639e-01
9.6734539243236040e-01
9.9326442754009903e-01
1.0318936718859575e+00
1.0547404748603715e+00
1.0597963298930670e+00
1.0564929589638969e+00
1.0436506362695444e+00
1.0105524803943546e+00
9.6136669321868085e-01
9.3200862261529438e-01
9.6127887003831514e-01
9.9869192274785978e-01
9.9447516908534195e-01
1.0004198537549862e+00
1.0074655369425316e+00
9.9082631789208186e-01
9.8753318440857674e-01
1.0120998752560775e+00
1.0350431272218408e+00
1.0421774989015005e+00
1.0406050745150131e+00
1.0387171507913640e+00
1.0353536948601623e+00
1.0204969769311170e+00
9.8908278887176471e-01
9.6210836049784465e-01
9.7470265707743864e-01
9.9888429948195323e-01
9.9547434333138907e-01
1.0010760305942177e+00
1.0048795803933557e+00
9.9532170724846991e-01
9.9953170383058842e-01
1.0174018907225897e+00
1.0258671493022835e+00
1.0233491647055732e+00
1.0192868688092274e+00
1.0182993957550022e+00
1.0195104715326211e+00
1.0166759316395237e+00
1.0013499892839797e+00
9.8099542537272466e-01
9.8303488200264366e-01
9.9781125677769300e-01
9.9721529688436938e-01
1.0012001505416837e+00
1.0028974058832505e+00
9.9870223672881109e-01
1.0051128102126268e+00
1.0143036960903868e+00
1.0133366031458764e+00
1.0078928890940111e+00
1.0044553212564893e+00
1.0040748998985058e+00
1.0061966537498819e+00
1.0082797106807073e+00
1.0037757652907477e+00
9.9177435438931816e-01
9.8931420643852586e-01
9.9719271639052076e-01
9.9819205277528034e-01
1.0010332737535312e+00
1.0017052328397484e+00
1.0006562195741993e+00
1.0058735573287492e+00
1.0084666324493274e+00
1.0045019714130825e+00
1.0006104381376459e+00
9.9903433453504920e-01
9.9893961200558090e-01
1.0000307547798866e+00
1.0020939067872339e+00
1.0021671058898700e+00
9.9668347072598185e-01
9.9364365151457057e-01
9.9719294313345064e-01
9.9868255229606562e-01
1.0006865519925414e+00
1.0009879678715350e+00
1.0013702958889208e+00
1.0045216045990430e+00
1.0039387356216951e+00
1.0007342293435770e+00
9.9912083074192248e-01
9.9881173258046785e-01
9.9880593781850380e-01
9.9896462699826760e-01
9.9971561838678513e-01
1.0005291415938016e+00
9.9863458385899129e-01
9.9639859056735058e-01
9.9755712496067028e-01
9.9888463912209380e-01
1.0002987745916636e+00
1.0005501276626325e+00
1.0013990940359792e+00
1.0029089138104832e+00
1.0015318361309222e+00
9.9984314697482135e-01
9.9950900226292150e-01
9.9961870985154277e-01
9.9962501778163237e-01
9.9946808079510174e-01
9.9942802894196481e-01
9.9982624971369383e-01
9.9941433042253203e-01
9.9809485106109885e-01
9.9810241278702261e-01
9.9899341544968234e-01
9.9999829413696706e-01
1.0003086347497887e+00
1.0011820954732495e+00
1.0016912849234783e+00
1.0004997338600305e+00
9.9982990423782936e-01
9.9988748266551697e-01
1.0000066405943284e+00
1.0000106758154144e+00
9.9987259730004008e-01
9.9965101281991853e-01
9.9969106764360205e-01
9.9976625967677279e-01
9.9912237887658162e-01
9.9868145809653708e-01
9.9912092969927246e-01
9.9983384219494642e-01
1.0002161245899048e+00
1.0009247952684202e+00
1.0009036975628007e+00
1.0001004969670269e+00
9.9990533273705839e-01
9.9999623964304751e-01
1.0000515467854678e+00
1.0000538592955139e+00
9.9999042647782532e-01
9.9982293584580817e-01
9.9972814650934405e-01
9.9991963086425129e-01
9.9971899848427148e-01
9.9919633939026897e-01
9.9928666479894146e-01
9.9981333460849375e-01
1.0002298152386717e+00
1.0006904695908423e+00
1.0004255047901769e+00
9.9995950717025317e-01
9.9994391348424905e-01
1.0000022725041040e+00
1.0000212087443430e+00
1.0000227841141258e+00
1.0000009025788041e+00
9.9990512925959607e-01
9.9978745436878369e-01
9.9996076020630342e-01
1.0000350249182508e+00
9.9961893548467340e-01
9.9948861885588858e-01
9.9988089946675396e-01
1.0002914122953031e+00
1.0004991085783965e+00
1.0001592643383348e+00
9.9992976165633862e-01
9.9996721224164964e-01
9.9999973155291377e-01
1.0000054393164888e+00
1.0000064838730871e+00
1.0000000601313896e+00
9.9994932727820640e-01
9.9984793095361746e-01
9.9995859668366027e-01
1.0001813477504446e+00
9.9994344085539411e-01
9.9968993577741883e-01
9.9994436489945904e-01
1.0003056573985403e+00
1.0003351192157737e+00
1.0000450690604914e+00
9.9995114336790836e-01
9.9998684414136307e-01
1.0000001437011401e+00
1.0000015031834164e+00
1.0000020407040997e+00
1.0000008042343396e+00
9.9998013600725266e-01
9.9991375616378231e-01
9.9997194934267786e-01
1.0002095548169954e+00
1.0001144777595667e+00
9.9982257441533018e-01
9.9994051740755252e-01
1.0000793170853299e+00
1.0000910475486173e+00
1.0000162846551337e+00
9.9998772668441638e-01
9.9999939282271544e-01
1.0000004881182920e+00
1.0000003753795013e+00
1.0000005650998847e+00
1.0000009559688428e+00
9.9999935483236935e-01
9.9997802668716074e-01
1.0000051826364396e+00
1.0000766398646617e+00
1.0000472824315869e+00
9.9991302020753992e-01
7.7114052654331311e-01
8.6905660119639061e-01
9.1677804698662113e-01
9.3580094831527638e-01
9.4001265736654072e-01
9.4722558305700078e-01
9.1390704929538480e-01
7.9087307725075462e-01
8.2813716927641867e-01
9.2127060223294288e-01
9.2314195956926515e-01
8.9418247639156756e-01
8.9815361201226884e-01
8.7750420454998168e-01
8.1400708796703092e-01
7.1779793115803492e-01
8.5210969313499774e-01
9.3334964103018769e-01
9.6504046350817851e-01
9.7921788447652303e-01
9.8399440348865097e-01
9.6340558678799837e-01
9.0154132352636196e-01
8.3257340354523612e-01
8.4694659619948331e-01
9.2771946396776883e-01
9.8562482100284543e-01
9.9171333922736227e-01
9.7501344020116598e-01
9.5192771735020332e-01
8.9618564180876814e-01
8.1408862014873762e-01
8.9337183064781367e-01
9.4204269563927290e-01
9.4660696180700588e-01
9.5471967819420311e-01
9.5973127274946590e-01
9.4076726710669178e-01
9.1268941393565683e-01
9.0025761103179691e-01
9.0093450468366931e-01
9.1892522956712530e-01
9.4977440419959491e-01
9.6631841828088749e-01
9.5338217543156001e-01
9.3704092388910154e-01
9.1261879317479966e-01
8.6549011581033775e-01
9.1598008834659972e-01
9.4898364621311182e-01
9.4781469905733751e-01
9.5785764145370267e-01
9.6043942294773343e-01
9.4103401748179805e-01
9.2353300753305312e-01
9.1905875622879418e-01
9.2076360125173184e-01
9.2949993183972435e-01
9.5195206449672543e-01
9.7355214223846265e-01
9.6511709064918894e-01
9.4531131751547726e-01
9.2820250984203601e-01
8.9615219761804532e-01
9.3056397295923921e-01
9.5314663064493710e-01
9.4869930537255298e-01
9.5484603832763804e-01
9.5324376809968692e-01
9.3884206352389599e-01
9.3266073948826966e-01
9.3351607891719723e-01
9.3384346532003504e-01
9.3450005028434735e-01
9.4401719697538600e-01
9.6109444838466118e-01
9.6019779640365988e-01
9.4777054306036201e-01
9.3826355021532037e-01
9.1628314899448515e-01
9.3984662829027754e-01
9.5336148803820187e-01
9.4768367631950867e-01
9.5124345945357502e-01
9.4803495576838159e-01
9.3982742806051822e-01
9.3990205213738565e-01
9.4227335589055805e-01
9.4216767174333660e-01
9.4027731032952411e-01
9.4258938779956047e-01
9.5309650668341894e-01
9.5451967043921349e-01
9.4636866750509163e-01
9.4141202182110473e-01
9.2892515361719574e-01
9.4489441640495986e-01
9.5203226006654007e-01
9.4716581379122800e-01
9.4919215986639816e-01
9.4573863247480616e-01
9.4232164057696888e-01
9.4431560564326644e-01
9.4593010539701972e-01
9.4576234046806873e-01
9.4422256565567542e-01
9.4371567746105989e-01
9.4903292082516721e-01
9.5127289557504535e-01
9.4541628003844902e-01
9.4140560738993495e-01
9.3578142928202046e-01
9.4703253326288606e-01
9.5076396616458581e-01
9.4710965149840765e-01
9.4776228329738021e-01
9.4499844438311986e-01
9.4431785115656530e-01
9.4600499869568899e-01
9.4657306639199001e-01
9.4644457369455071e-01
9.4579677831933107e-01
9.4491123434314694e-01
9.4697947373726421e-01
9.4910693468459206e-01
9.4527276146598072e-01
9.4104600429175533e-01
9.3899135894366059e-01
9.4752421300234080e-01
9.4974162254090877e-01
9.4707173071544559e-01
9.4680311915774573e-01
9.4506535158441407e-01
9.4544791628509617e-01
9.4628434052377708e-01
9.4628275836237818e-01
9.4621447356676358e-01
9.4613235625325964e-01
9.4567203048043535e-01
9.4621565895961768e-01
9.4770410385568893e-01
9.4548051526773169e-01
9.4128638970656819e-01
9.4054207304607473e-01
9.4729406886189926e-01
9.4880197183884796e-01
9.4691909390291806e-01
9.4628076369906611e-01
9.4539216703383855e-01
9.4592739253843594e-01
9.4616348319286581e-01
9.4603044239777945e-01
9.4599947193259448e-01
9.4608062614324973e-01
9.4599749843394487e-01
9.4603073432515428e-01
9.4687995810201131e-01
9.4571947591857120e-01
9.4209603237603834e-01
9.4165900496568211e-01
9.4684622823861486e-01
9.4793912898717025e-01
9.4672813125009470e-01
9.4604809537402801e-01
9.4567863336780211e-01
9.4605580419909352e-01
9.4604732678408088e-01
9.4596562272022688e-01
9.4595287389736260e-01
9.4600777813478321e-01
9.4607117150560127e-01
9.4600907254455979e-01
9.4643252858041493e-01
9.4590681887659700e-01
9.4314425161247428e-01
9.4272548535978473e-01
9.4642803667707354e-01
9.4726451071317341e-01
9.4655829273442815e-01
9.4595800174356592e-01
9.4585878928077549e-01
9.4605698986544207e-01
9.4600063148421476e-01
9.4597779442083030e-01
9.4597214682233399e-01
9.4598260615307284e-01
9.4605925376001343e-01
9.4601617893177803e-01
9.4619439954051054e-01
9.4603692395939043e-01
9.4415133295835796e-01
9.4370871305742365e-01
9.4616171620256917e-01
9.4683371755114365e-01
9.4641401324990826e-01
9.4592943260507389e-01
9.4595763582979731e-01
9.4603255873353265e-01
9.4598980468881244e-01
9.4599208534237000e-01
9.4598936453716931e-01
9.4598113068263956e-01
9.4603420825142659e-01
9.4602616866570710e-01
9.4606875573638294e-01
9.4611272480343200e-01
9.4497075892473126e-01
9.4452188345464660e-01
9.4603727427838658e-01
9.4659013149321114e-01
9.4628095259576561e-01
9.4592702188679545e-01
9.4600518687578405e-01
9.4601356002468329e-01
9.4598964008404185e-01
9.4599609870252632e-01
9.4599486112528741e-01
9.4598515433233954e-01
9.4601640338246973e-01
9.4603408016751767e-01
9.4600298311491926e-01
9.4613102830046758e-01
9.4554874038584424e-01
9.4511227372954509e-01
9.4606982778388160e-01
9.4649733760880617e-01
9.4617338570388498e-01
9.4593692124607975e-01
9.4601926014777349e-01
9.4600498411634526e-01
9.4599127474990319e-01
9.4599584253445812e-01
9.4599527887248558e-01
9.4598910582876405e-01
9.4600847358600504e-01
9.4603098922025586e-01
9.4597152179228428e-01
9.4611321958749350e-01
9.4593170043366348e-01
9.4554795861497098e-01
9.4614032449291718e-01
9.4631689842871880e-01
9.4606266268797767e-01
9.4598300795093371e-01
9.4600330361806861e-01
9.4599740235472285e-01
9.4599440831137027e-01
9.4599614989837677e-01
9.4599605844581258e-01
9.4599382658971654e-01
9.4599950690909895e-01
9.4600520432602075e-01
9.4599594261441167e-01
9.4605726827295544e-01
9.4609880746703767e-01
9.4591494244767560e-01
5.3041397145021964e-02
6.9334535304283670e-02
5.9745941325306896e-02
2.8799705757389618e-02
-3.7069150253994210e-02
-1.3277475482757448e-01
-2.1271118311268766e-01
-1.2924331238965250e-01
2.9525906901185212e-01
2.9837145566195672e-01
1.6733802890721236e-01
4.8731400854650907e-02
-2.6441913980868474e-02
-5.4601239109733822e-02
-6.5851877430266645e-02
-3.6016136834146346e-02
4.6049415378226571e-02
7.1689417336257485e-02
9.3164495804381575e-02
8.5294051625606909e-02
3.1294388655727014e-02
-3.0863214404771439e-02
-5.4952310499874049e-02
2.5284231744665949e-03
1.0289987192099731e-01
1.3438535900240853e-01
8.5528463873001073e-02
-8.6561273505864674e-04
-7.3339468829926535e-02
-8.1887887215612173e-02
-5.7468599577347866e-02
-1.5321793384657197e-02
2.9281726921511746e-02
3.6408247097130232e-02
5.6991983596743769e-02
4.8659070888019129e-02
-2.1619954619279741e-03
-3.6097476591865373e-02
-2.0546013002307371e-02
2.3950652718358851e-02
6.7904286758741286e-02
1.1269690527997889e-01
1.1588106508865315e-01
5.8753193765026981e-02
-1.7317781165955743e-02
-3.2836376575244887e-02
-1.0114644047858095e-02
1.0529203236856173e-02
2.4579314948598351e-02
2.6487182748768743e-02
4.6940467801569782e-02
4.1301782488971837e-02
1.9295604152328181e-03
-1.3540247548299255e-02
3.6639582618643212e-03
2.8670626615429604e-02
5.1152687555692418e-02
7.5220398014645973e-02
8.5685824667151189e-02
5.5629871943404345e-02
-2.0200726226516242e-03
-1.4132018260080734e-02
8.1243299457212335e-03
1.9646263963331117e-02
2.4925711596229340e-02
2.5997991754842610e-02
3.9994718239313075e-02
3.2225522701008827e-02
5.5250220900867637e-03
4.1862889342491067e-03
2.0088130099933793e-02
3.2244613306683989e-02
4.0835618689254241e-02
5.3472395824457723e-02
6.6719951864561686e-02
5.5440542650639933e-02
1.5023518758945788e-02
1.2108761665127516e-03
1.5241874754149422e-02
2.2134736765972416e-02
2.5507853554743550e-02
2.6231035213254726e-02
3.4391267684492591e-02
2.6384475002566618e-02
1.2297243160629506e-02
1.8815328717737625e-02
2.9911728477934912e-02
3.3817425508634001e-02
3.5060203373051949e-02
4.0136248284412812e-02
5.0639477460335945e-02
5.0333481791937230e-02
2.5997430490986795e-02
1.2667117606691520e-02
1.9765441754408787e-02
2.4076767747591810e-02
2.6441777160950336e-02
2.6942888510181093e-02
3.1258223918969021e-02
2.5142484590104156e-02
2.0678562356051183e-02
2.8807932805214844e-02
3.4063892606798714e-02
3.3879531642397986e-02
3.2752729708109961e-02
3.3637297620539283e-02
3.9389516199269635e-02
4.3328329519978920e-02
3.1130533796445703e-02
1.9924065857109163e-02
2.2665489591990176e-02
2.5939787239811888e-02
2.8095960096498944e-02
2.8107899788257288e-02
2.9858095436559848e-02
2.6452324461086550e-02
2.7318517181412746e-02
3.3149411144612125e-02
3.4431797527826269e-02
3.3409875483394302e-02
3.2539879214221405e-02
3.2175610932724932e-02
3.4178126825693510e-02
3.7808490308942455e-02
3.3002195900735207e-02
2.4711383460673256e-02
2.4772486765442005e-02
2.7665388743509222e-02
3.0078094218383367e-02
2.9427661449031785e-02
2.9661687566597865e-02
2.8546438740238916e-02
3.1068118535846727e-02
3.3940075635253794e-02
3.3639078106197685e-02
3.3053473575288012e-02
3.2867122980678662e-02
3.2593960587010737e-02
3.2824483359450304e-02
3.4708191928057408e-02
3.3351390831823417e-02
2.7902469811088831e-02
2.6660940785819213e-02
2.9322171380299241e-02
3.1791347985888264e-02
3.0642649690718272e-02
3.0153675261618010e-02
3.0340207244775434e-02
3.2608212279783083e-02
3.3560430822744874e-02
3.3080765215810062e-02
3.2947086904973333e-02
3.3057603970005817e-02
3.3050232228499038e-02
3.2867448225844788e-02
3.3453213674469434e-02
3.3287112265792326e-02
3.0015611315420611e-02
2.8437558469989316e-02
3.0778221793716979e-02
3.2878367282106469e-02
3.1560305070656172e-02
3.0844661756842275e-02
3.1534871661673070e-02
3.3064034071950466e-02
3.3192560904162637e-02
3.2936306788140801e-02
3.2972082787893583e-02
3.3077229802433543e-02
3.3164298520085456e-02
3.3048782792641250e-02
3.3071844561793247e-02
3.3210290642711929e-02
3.1423675892451132e-02
3.0009925042556458e-02
3.1854348188411881e-02
3.3343560333132502e-02
3.2126762739859531e-02
3.1469692002894400e-02
3.2256428258818116e-02
3.3149540266613930e-02
3.3043046649466987e-02
3.2964737985114276e-02
3.3011422649342259e-02
3.3050105608086473e-02
3.3121074096857654e-02
3.3104818818271819e-02
3.2975649278623689e-02
3.3149879950794173e-02
3.2333596533397707e-02
3.1263904296203474e-02
3.2510337067421576e-02
3.3400376944320784e-02
3.2418689142192245e-02
3.1968732128223230e-02
3.2685878431652750e-02
3.3135443596354647e-02
3.3008756484947846e-02
3.3005561211607609e-02
3.3030411756568054e-02
3.3034490306162567e-02
3.3072116136008599e-02
3.3096737672821716e-02
3.2960854340379486e-02
3.3078016881706432e-02
3.2854447531146559e-02
3.2156142007716812e-02
3.2848611300408462e-02
3.3280338027659929e-02
3.2558436254822701e-02
3.2358610479092470e-02
3.2937875734222077e-02
3.3101801282840175e-02
3.3009363113483722e-02
3.3025308923852546e-02
3.3035358649295861e-02
3.3031757953507324e-02
3.3048286989085386e-02
3.3077632384813753e-02
3.2971794490441811e-02
3.2996375800315163e-02
3.3080981950893998e-02
3.2721608331428252e-02
3.3006259190757448e-02
3.3137290071262787e-02
3.2630455336606946e-02
3.2639840543882463e-02
3.3074884407714104e-02
3.3072989935331601e-02
3.3018598010940474e-02
3.3032650059356045e-02
3.3035816225109309e-02
3.3032929758947178e-02
3.3038690548315500e-02
3.3059424227743203e-02
3.2989641576360737e-02
3.2928996728808904e-02
3.3135326803846010e-02
3.3031498944215872e-02
3.3072577629308743e-02
3.2981909269758039e-02
3.2724053109299434e-02
3.2891678696896173e-02
3.3129373501859578e-02
3.3045728071246144e-02
3.3028860073172857e-02
3.3035287865635525e-02
3.3035195479969200e-02
3.3034522348250404e-02
3.3034721500049428e-02
3.3043777237128702e-02
3.3018221259950416e-02
3.2896208268111654e-02
3.3058930579544857e-02
3.3159275292472458e-02
3.3099294107062138e-02
2.8988623618456155e+00
2.8741493897560275e+00
2.6688667980695588e+00
2.4619560903446800e+00
2.3966514447484757e+00
2.5687776208179312e+00
2.9793921621378656e+00
3.4944395544754623e+00
3.3358655226388851e+00
2.7265917995751496e+00
2.2809178179860172e+00
2.0834123595221290e+00
2.1952813497779409e+00
2.5026120953514313e+00
2.7617210197996234e+00
2.7798427762459799e+00
3.0329798192562438e+00
3.0445737355739277e+00
2.8932853877458999e+00
2.7643935298230637e+00
2.7905089612304703e+00
2.9448518714426579e+00
3.0982449248267336e+00
3.1609133752410141e+00
3.1426159261618616e+00
3.0464582593067422e+00
2.8376966169255105e+00
2.6220041194905046e+00
2.5792725928571270e+00
2.7740575038885833e+00
2.9627166403775913e+00
2.9618893888689191e+00
2.9892074521785039e+00
3.0045838981909245e+00
2.8615696140140465e+00
2.7660000470137844e+00
2.8261372389142778e+00
2.9700894218233067e+00
3.0990887500338049e+00
3.1546426468914524e+00
3.1303322476676678e+00
3.0351989268744455e+00
2.8627758283469875e+00
2.6842879171689447e+00
2.6146511695841355e+00
2.7630489024254965e+00
2.9412251695783507e+00
2.9409771927633441e+00
2.9565924973007158e+00
2.9880791288074691e+00
2.8966091671318583e+00
2.8610287766789777e+00
2.9409454488505165e+00
3.0409550119244342e+00
3.0978776771099250e+00
3.1107088266162335e+00
3.1023943498146309e+00
3.0704589654367216e+00
2.9886242680336172e+00
2.8615933708134302e+00
2.7661349351561051e+00
2.8314982598291984e+00
2.9430401394931098e+00
2.9230997388839990e+00
2.9532989437499184e+00
2.9805304062010558e+00
2.9212991364588676e+00
2.9192243587661428e+00
2.9917826623252175e+00
3.0494914379152016e+00
3.0668249430911065e+00
3.0628291668980068e+00
3.0574553418421604e+00
3.0479478498172963e+00
3.0105432108312424e+00
2.9304377461484954e+00
2.8480692203209457e+00
2.8724644538115096e+00
2.9447885411646326e+00
2.9281018738231110e+00
2.9549567784959136e+00
2.9707981199886397e+00
2.9346375258725135e+00
2.9517800446353855e+00
3.0029581340918621e+00
3.0216757946868493e+00
3.0140793496152307e+00
3.0036559204778834e+00
3.0005712637406123e+00
3.0028767051434389e+00
2.9966599831886915e+00
2.9594685935675584e+00
2.8984459469014268e+00
2.8957959317296615e+00
2.9401527940541499e+00
2.9348139268569802e+00
2.9552247874959505e+00
2.9627309862755125e+00
2.9446856325149229e+00
2.9665456232533183e+00
2.9913007083417575e+00
2.9852778986319395e+00
2.9704709500410758e+00
2.9614580150998089e+00
2.9601077127524924e+00
2.9652035893101285e+00
2.9713993580764546e+00
2.9627861076941824e+00
2.9278850375709187e+00
2.9140306104796179e+00
2.9362104292589111e+00
2.9384620441837703e+00
2.9542804934156144e+00
2.9576288584345605e+00
2.9507235396790046e+00
2.9674666553917923e+00
2.9728219904856878e+00
2.9601476539408056e+00
2.9498941568076527e+00
2.9456189549303251e+00
2.9451780830193690e+00
2.9478583041144399e+00
2.9533941319359127e+00
2.9557440485672624e+00
2.9408192117231553e+00
2.9273546647071313e+00
2.9350343484228154e+00
2.9400144367885468e+00
2.9525126549189880e+00
2.9544302393715682e+00
2.9529778204578632e+00
2.9624650394245751e+00
2.9591080599694366e+00
2.9497466243673736e+00
2.9456164772766331e+00
2.9446527713636259e+00
2.9445638802525473e+00
2.9449598204361362e+00
2.9468162403253446e+00
2.9498976952249167e+00
2.9454604218124079e+00
2.9361968446441931e+00
2.9360953485674046e+00
2.9406492321601498e+00
2.9505845824723300e+00
2.9522409858886944e+00
2.9530012297065449e+00
2.9570813011071633e+00
2.9520951575249108e+00
2.9474731231519917e+00
2.9466616626587414e+00
2.9468641543445413e+00
2.9468579474804066e+00
2.9464572851328366e+00
2.9462505197056781e+00
2.9475229265842526e+00
2.9470571584421932e+00
2.9417515334850552e+00
2.9384607001718237e+00
2.9413676899252428e+00
2.9490128528144854e+00
2.9507274714517568e+00
2.9522087207632035e+00
2.9531695116494285e+00
2.9492259880130844e+00
2.9475421428286985e+00
2.9477013082577184e+00
2.9479892768482969e+00
2.9479929706897545e+00
2.9476260180393448e+00
2.9470063446922312e+00
2.9470727260626965e+00
2.9477046867959036e+00
2.9451511130536501e+00
2.9412205587783111e+00
2.9424633090388856e+00
2.9480068048511874e+00
2.9498301321288745e+00
2.9512950299345606e+00
2.9506986063804193e+00
2.9481806137858495e+00
2.9477688156368904e+00
2.9479904706570021e+00
2.9481392905807313e+00
2.9481422628255105e+00
2.9479607864939137e+00
2.9475216057802442e+00
2.9471881166599045e+00
2.9479458638665630e+00
2.9471439999414355e+00
2.9437617004568515e+00
2.9437614501358342e+00
2.9476367511169248e+00
2.9494745078292874e+00
2.9504649444584334e+00
2.9492244812236668e+00
2.9478433989672430e+00
2.9478624307023069e+00
2.9479999846473461e+00
2.9480607277712121e+00
2.9480631013528247e+00
2.9479897885259723e+00
2.9477485283259095e+00
2.9473775742986712e+00
2.9479503436775873e+00
2.9482062348000797e+00
2.9458446731188443e+00
2.9450850318949149e+00
2.9476966860764695e+00
2.9494361984659454e+00
2.9497698232499943e+00
2.9484174956810336e+00
2.9477964349755288e+00
2.9479155758833651e+00
2.9479927131773644e+00
2.9480165796593969e+00
2.9480184780628740e+00
2.9479902314184532e+00
2.9478659355402241e+00
2.9475697872307829e+00
2.9478788062375134e+00
2.9486811848437222e+00
2.9473959344114533e+00
2.9462325587195139e+00
2.9479072847809391e+00
2.9493939581167194e+00
2.9491773491644713e+00
2.9480828196279449e+00
2.9478740316858385e+00
2.9479676755815438e+00
2.9479957609667951e+00
2.9480043373793570e+00
2.9480053488744069e+00
2.9479959240041200e+00
2.9479518530728774e+00
2.9477682831639949e+00
2.9478875713923522e+00
2.9487533490143392e+00
2.9482889395053560e+00
2.9470405659491452e+00
2.9479541116938366e+00
2.9485354354774431e+00
2.9483360389199302e+00
2.9480403944392486e+00
2.9479696803330695e+00
2.9479991415262394e+00
2.9479998650525512e+00
2.9480011652872764e+00
2.9480016355888199e+00
2.9480007239925947e+00
2.9480015094461094e+00
2.9479409657423288e+00
2.9480110451546366e+00
2.9482924646061295e+00
2.9482457536469400e+00
2.9476610402854049e+00
Residuals (4D vectors):
3.2667705276272761e-03 2.1204928670023305e-03 1.6006554702107719e-03 1.0210769086276463e-02 
