17 17
1.00893 0.959052 0.832879 0.66061 0.471604 0.291254 0.140734 0.038184 0 0.038184 0.140734 0.291254 0.471604 0.66061 0.832879 0.959052 1.00893 
1.05888 1.01157 0.881052 0.693577 0.480204 0.271324 0.094667 -0.025875 -0.070871 -0.025875 0.094667 0.271324 0.480204 0.693577 0.881052 1.01157 1.05888 
1.20416 1.14736 0.988043 0.754602 0.484231 0.216253 -0.011715 -0.167209 -0.225011 -0.167209 -0.011715 0.216253 0.484231 0.754602 0.988043 1.14736 1.20416 
1.46268 1.38673 1.17243 0.855768 0.486087 0.117791 -0.195911 -0.409136 -0.487507 -0.409136 -0.195911 0.117791 0.486087 0.855768 1.17243 1.38673 1.46268 
1.87349 1.76646 1.46355 1.01393 0.486936 -0.03914 -0.48696 -0.790042 -0.900109 -0.790042 -0.48696 -0.03914 0.486936 1.01393 1.46355 1.76646 1.87349 
2.50025 2.3456 1.90701 1.2542 0.487323 -0.278857 -0.930401 -1.36972 -1.52769 -1.36972 -0.930401 -0.278857 0.487323 1.2542 1.90701 2.3456 2.50025 
3.4407 3.21449 2.57213 1.61429 0.4875 -0.638698 -1.59552 -2.23887 -2.46849 -2.23887 -1.59552 -0.638698 0.4875 1.61429 2.57213 3.21449 3.4407 
4.84164 4.50882 3.56283 2.15052 0.48758 -1.17482 -2.58623 -3.53331 -3.86957 -3.53331 -2.58623 -1.17482 0.48758 2.15052 3.56283 4.50882 4.84164 
6.92188 6.43074 5.03386 2.94668 0.487616 -1.97093 -4.05727 -5.45528 -5.94984 -5.45528 -4.05727 -1.97093 0.487616 2.94668 5.03386 6.43074 6.92188 
10.0064 9.28045 7.21499 4.12714 0.487633 -3.15138 -6.23843 -8.30502 -9.03427 -8.30502 -6.23843 -3.15138 0.487633 4.12714 7.21499 9.28045 10.0064 
14.5769 13.5031 10.4469 5.8763 0.487641 -4.90055 -9.47042 -12.5277 -13.6047 -12.5277 -9.47042 -4.90055 0.487641 5.8763 10.4469 13.5031 14.5769 
21.3473 19.7582 15.2345 8.4674 0.487644 -7.49167 -14.2581 -18.7828 -20.375 -18.7828 -14.2581 -7.49167 0.487644 8.4674 15.2345 19.7582 21.3473 
31.3753 29.023 22.3257 12.3052 0.487646 -11.3295 -21.3493 -28.0476 -30.4028 -28.0476 -21.3493 -11.3295 0.487646 12.3052 22.3257 29.023 31.3753 
46.2273 42.7446 32.8279 17.9891 0.487646 -17.0135 -31.8517 -41.7692 -45.2544 -41.7692 -31.8517 -17.0135 0.487646 17.9891 32.8279 42.7446 46.2273 
68.2231 63.0663 48.3819 26.4071 0.487647 -25.4315 -47.4059 -62.0909 -67.2497 -62.0909 -47.4059 -25.4315 0.487647 26.4071 48.3819 63.0663 68.2231 
100.799 93.1625 71.4171 38.8739 0.487647 -37.8985 -70.4414 -92.1872 -99.8245 -92.1872 -70.4414 -37.8985 0.487647 38.8739 71.4171 93.1625 100.799 
149.043 137.734 105.532 57.3371 0.487647 -56.3618 -104.557 -136.759 -148.067 -136.759 -104.557 -56.3618 0.487647 57.3371 105.532 137.734 149.043 
0 -0.006864 -0.022517 -0.040361 -0.054641 -0.06 -0.052462 -0.031625 0 0.031625 0.052462 0.06 0.054641 0.040361 0.022517 0.006864 0 
0 -0.095617 -0.177847 -0.234574 -0.257741 -0.243195 -0.190923 -0.106389 0 0.106389 0.190923 0.243195 0.257741 0.234574 0.177847 0.095617 0 
0 -0.193486 -0.356239 -0.464279 -0.503144 -0.467604 -0.361484 -0.198274 0 0.198274 0.361484 0.467604 0.503144 0.464279 0.356239 0.193486 0 
0 -0.319411 -0.588139 -0.765969 -0.828265 -0.766821 -0.5898 -0.321549 0 0.321549 0.5898 0.766821 0.828265 0.765969 0.588139 0.319411 0 
0 -0.494272 -0.910968 -1.18725 -1.28364 -1.18697 -0.910997 -0.495216 0 0.495216 0.910997 1.18697 1.28364 1.18725 0.910968 0.494272 0 
0 -0.745819 -1.37567 -1.79422 -1.94034 -1.79341 -1.37496 -0.74622 0 0.74622 1.37496 1.79341 1.94034 1.79422 1.37567 0.745819 0 
0 -1.11351 -2.05505 -2.68181 -2.90095 -2.68077 -2.05401 -1.11367 0 1.11367 2.05401 2.68077 2.90095 2.68181 2.05505 1.11351 0 
0 -1.65486 -3.05534 -3.98874 -4.31552 -3.98761 -3.05416 -1.65491 0 1.65491 3.05416 3.98761 4.31552 3.98874 3.05534 1.65486 0 
0 -2.45446 -4.53283 -5.9192 -6.40503 -5.91803 -4.53159 -2.45445 0 2.45445 4.53159 5.91803 6.40503 5.9192 4.53283 2.45446 0 
0 -3.63721 -6.71832 -8.77473 -9.49588 -8.77358 -6.71708 -3.63718 0 3.63718 6.71708 8.77358 9.49588 8.77473 6.71832 3.63721 0 
0 -5.38787 -9.9532 -13.0014 -14.0709 -13.0003 -9.95199 -5.38783 0 5.38783 9.95199 13.0003 14.0709 13.0014 9.9532 5.38787 0 
0 -7.97992 -14.7428 -19.2595 -20.8446 -19.2584 -14.7416 -7.97987 0 7.97987 14.7416 19.2584 20.8446 19.2595 14.7428 7.97992 0 
0 -11.8182 -21.8352 -28.5264 -30.8752 -28.5254 -21.8342 -11.8182 0 11.8182 21.8342 28.5254 30.8752 28.5264 21.8352 11.8182 0 
0 -17.5024 -32.3384 -42.2498 -45.7295 -42.249 -32.3375 -17.5023 0 17.5023 32.3375 42.249 45.7295 42.2498 32.3384 17.5024 0 
0 -25.9202 -47.893 -62.5733 -67.7278 -62.5727 -47.8922 -25.9202 0 25.9202 47.8922 62.5727 67.7278 62.5733 47.893 25.9202 0 
0 -38.3867 -70.9286 -92.6716 -100.306 -92.6712 -70.9282 -38.3867 0 38.3867 70.9282 92.6712 100.306 92.6716 70.9286 38.3867 0 
0 -56.8492 -105.044 -137.246 -148.554 -137.246 -105.044 -56.8492 0 56.8492 105.044 137.246 148.554 137.246 105.044 56.8492 0 
